g= @(x) 1-x.^5;
fpi_class(g,0,1e-5,50)

iter               x               g(x)       succ error   absolute error   error ratio 
-------------------------------  ------------- -----------  -------------- -------------
     0         0.00000000E+00 1.000000000E+00   1.0000E+00     7.548777E-0112      1         1.00000000E+00  0.000000E+00  1.000000E+00  2.451223E-01   3.247180E-01 
     2         0.00000000E+00  1.000000E+00  1.000000E+00  7.548777E-01   3.079596E+00 
     3         1.00000000E+00  0.000000E+00  1.000000E+00  2.451223E-01   3.247180E-01 
     4         0.00000000E+00  1.000000E+00  1.000000E+00  7.548777E-01   3.079596E+00 
     5         1.00000000E+00  0.000000E+00  1.000000E+00  2.451223E-01   3.247180E-01 
     6         0.00000000E+00  1.000000E+00  1.000000E+00  7.548777E-01   3.079596E+00 
     7         1.00000000E+00  0.000000E+00  1.000000E+00  2.451223E-01   3.247180E-01 
     8         0.00000000E+00  1.000000E+00  1.000000E+00  7.548777E-01   3.079596E+00 
     9         1.00000000E+00  0.000000E+00  1.000000E+00  2.451223E-01   3.247180E-01 
    10         0.00000000E+00  1.000000E+00  1.000000E+00  7.548777E-01   3.079596E+00 
    11         1.00000000E+00  0.000000E+00  1.000000E+00  2.451223E-01   3.247180E-01 
    12         0.00000000E+00  1.000000E+00  1.000000E+00  7.548777E-01   3.079596E+00 
    13         1.00000000E+00  0.000000E+00  1.000000E+00  2.451223E-01   3.247180E-01 
    14         0.00000000E+00  1.000000E+00  1.000000E+00  7.548777E-01   3.079596E+00 
    15         1.00000000E+00  0.000000E+00  1.000000E+00  2.451223E-01   3.247180E-01 
    16         0.00000000E+00  1.000000E+00  1.000000E+00  7.548777E-01   3.079596E+00 
    17         1.00000000E+00  0.000000E+00  1.000000E+00  2.451223E-01   3.247180E-01 
    18         0.00000000E+00  1.000000E+00  1.000000E+00  7.548777E-01   3.079596E+00 
    19         1.00000000E+00  0.000000E+00  1.000000E+00  2.451223E-01   3.247180E-01 
    20         0.00000000E+00  1.000000E+00  1.000000E+00  7.548777E-01   3.079596E+00 
    21         1.00000000E+00  0.000000E+00  1.000000E+00  2.451223E-01   3.247180E-01 
    22         0.00000000E+00  1.000000E+00  1.000000E+00  7.548777E-01   3.079596E+00 
    23         1.00000000E+00  0.000000E+00  1.000000E+00  2.451223E-01   3.247180E-01 
    24         0.00000000E+00  1.000000E+00  1.000000E+00  7.548777E-01   3.079596E+00 
    25         1.00000000E+00  0.000000E+00  1.000000E+00  2.451223E-01   3.247180E-01 
    26         0.00000000E+00  1.000000E+00  1.000000E+00  7.548777E-01   3.079596E+00 
    27         1.00000000E+00  0.000000E+00  1.000000E+00  2.451223E-01   3.247180E-01 
    28         0.00000000E+00  1.000000E+00  1.000000E+00  7.548777E-01   3.079596E+00 
    29         1.00000000E+00  0.000000E+00  1.000000E+00  2.451223E-01   3.247180E-01 
    30         0.00000000E+00  1.000000E+00  1.000000E+00  7.548777E-01   3.079596E+00 
    31         1.00000000E+00  0.000000E+00  1.000000E+00  2.451223E-01   3.247180E-01 
    32         0.00000000E+00  1.000000E+00  1.000000E+00  7.548777E-01   3.079596E+00 
    33         1.00000000E+00  0.000000E+00  1.000000E+00  2.451223E-01   3.247180E-01 
    34         0.00000000E+00  1.000000E+00  1.000000E+00  7.548777E-01   3.079596E+00 
    35         1.00000000E+00  0.000000E+00  1.000000E+00  2.451223E-01   3.247180E-01 
    36         0.00000000E+00  1.000000E+00  1.000000E+00  7.548777E-01   3.079596E+00 
    37         1.00000000E+00  0.000000E+00  1.000000E+00  2.451223E-01   3.247180E-01 
    38         0.00000000E+00  1.000000E+00  1.000000E+00  7.548777E-01   3.079596E+00 
    39         1.00000000E+00  0.000000E+00  1.000000E+00  2.451223E-01   3.247180E-01 
    40         0.00000000E+00  1.000000E+00  1.000000E+00  7.548777E-01   3.079596E+00 
    41         1.00000000E+00  0.000000E+00  1.000000E+00  2.451223E-01   3.247180E-01 
    42         0.00000000E+00  1.000000E+00  1.000000E+00  7.548777E-01   3.079596E+00 
    43         1.00000000E+00  0.000000E+00  1.000000E+00  2.451223E-01   3.247180E-01 
    44         0.00000000E+00  1.000000E+00  1.000000E+00  7.548777E-01   3.079596E+00 
    45         1.00000000E+00  0.000000E+00  1.000000E+00  2.451223E-01   3.247180E-01 
    46         0.00000000E+00  1.000000E+00  1.000000E+00  7.548777E-01   3.079596E+00 
    47         1.00000000E+00  0.000000E+00  1.000000E+00  2.451223E-01   3.247180E-01 
    48         0.00000000E+00  1.000000E+00  1.000000E+00  7.548777E-01   3.079596E+00 
    49         1.00000000E+00  0.000000E+00  1.000000E+00  2.451223E-01   3.247180E-01 
    50         0.00000000E+00  1.000000E+00  1.000000E+00  7.548777E-01   3.079596E+00 
    51         1.00000000E+00  0.000000E+00  1.000000E+00  2.451223E-01   3.247180E-01 
Method failed to converge
g = @(x) (sin(x)- 5)/6 ; 
fpi_class(g,0,1e-5,50);

iter               x               g(x)       succ error   absolute error   error ratio 
-------------------------------  ------------- -----------  -------------- -------------
     0         0.00000000E+00 -8.333333333E-01   8.3333E-01     9.708989E-0112      1        -8.33333333E-01 -9.566961E-01  8.333333E-01  1.375656E-01   1.416889E-01 
     2        -9.56696142E-01 -9.695487E-01  1.233628E-01  1.420278E-02   1.032437E-01 
     3        -9.69548712E-01 -9.707718E-01  1.285257E-02  1.350211E-03   9.506669E-02 
     4        -9.70771753E-01 -9.708870E-01  1.223041E-03  1.271708E-04   9.418581E-02 
     5        -9.70886957E-01 -9.708978E-01  1.152038E-04  1.196699E-05   9.410171E-02 
     6        -9.70897797E-01 -9.708988E-01  1.084097E-05  1.126019E-06   9.409379E-02 
     7        -9.70898818E-01 -9.708989E-01  1.020068E-06  1.059506E-07   9.409304E-02 


g = @(x) (3- log(x))^1/2;
fpi_class(g,0,1e-5,50)
{Error using <a href="matlab:matlab.internal.language.introspective.errorDocCallback('fzero')" style="font-weight:bold">fzero</a>
Initial function value must be finite and real.

Error in <a href="matlab:matlab.internal.language.introspective.errorDocCallback('fpi_class', 'C:\Users\Frank Rawlings\Documents\MATH 408\fpi_class.m', 10)" style="font-weight:bold">fpi_class</a> (<a href="matlab: opentoline('C:\Users\Frank Rawlings\Documents\MATH 408\fpi_class.m',10,0)">line 10</a>)
truex = fzero(@(x) x-g(x), x0);
} 
fpi_class(g,1,1e-5,50)

iter               x               g(x)       succ error   absolute error   error ratio 
-------------------------------  ------------- -----------  -------------- -------------
     0         1.00000000E+00 1.500000000E+00   5.0000E-01     3.499618E-0112      1         1.50000000E+00  1.297267E+00  5.000000E-01  1.500382E-01   4.287272E-01 
     2         1.29726745E+00  1.369870E+00  2.027326E-01  5.269439E-02   3.512066E-01 
     3         1.36986996E+00  1.342642E+00  7.260251E-02  1.990812E-02   3.778034E-01 
     4         1.34264209E+00  1.352680E+00  2.722786E-02  7.319744E-03   3.676764E-01 
     5         1.35268031E+00  1.348956E+00  1.003821E-02  2.718470E-03   3.713886E-01 
     6         1.34895598E+00  1.350335E+00  3.724327E-03  1.005857E-03   3.700084E-01 
     7         1.35033453E+00  1.349824E+00  1.378546E-03  3.726889E-04   3.705189E-01 
     8         1.34982382E+00  1.350013E+00  5.107067E-04  1.380178E-04   3.703297E-01 
     9         1.35001296E+00  1.349943E+00  1.891395E-04  5.112176E-05   3.703998E-01 
    10         1.34994290E+00  1.349969E+00  7.005592E-05  1.893416E-05   3.703738E-01 
    11         1.34996885E+00  1.349959E+00  2.594706E-05  7.012899E-06   3.703834E-01 
    12         1.34995924E+00  1.349963E+00  9.610336E-06  2.597437E-06   3.703799E-01 
diary off
g= @(x) 1-x.^5;
fpi_class(g,0,1e-5,50)

iter               x               g(x)       succ error   absolute error   error ratio 
-------------------------------  ------------- -----------  -------------- -------------
     0         0.00000000E+00 1.000000000E+00   1.0000E+00     7.548777E-0112      1         1.00000000E+00  0.000000E+00  1.000000E+00  2.451223E-01   3.247180E-01 
     2         0.00000000E+00  1.000000E+00  1.000000E+00  7.548777E-01   3.079596E+00 
     3         1.00000000E+00  0.000000E+00  1.000000E+00  2.451223E-01   3.247180E-01 
     4         0.00000000E+00  1.000000E+00  1.000000E+00  7.548777E-01   3.079596E+00 
     5         1.00000000E+00  0.000000E+00  1.000000E+00  2.451223E-01   3.247180E-01 
     6         0.00000000E+00  1.000000E+00  1.000000E+00  7.548777E-01   3.079596E+00 
     7         1.00000000E+00  0.000000E+00  1.000000E+00  2.451223E-01   3.247180E-01 
     8         0.00000000E+00  1.000000E+00  1.000000E+00  7.548777E-01   3.079596E+00 
     9         1.00000000E+00  0.000000E+00  1.000000E+00  2.451223E-01   3.247180E-01 
    10         0.00000000E+00  1.000000E+00  1.000000E+00  7.548777E-01   3.079596E+00 
    11         1.00000000E+00  0.000000E+00  1.000000E+00  2.451223E-01   3.247180E-01 
    12         0.00000000E+00  1.000000E+00  1.000000E+00  7.548777E-01   3.079596E+00 
    13         1.00000000E+00  0.000000E+00  1.000000E+00  2.451223E-01   3.247180E-01 
    14         0.00000000E+00  1.000000E+00  1.000000E+00  7.548777E-01   3.079596E+00 
    15         1.00000000E+00  0.000000E+00  1.000000E+00  2.451223E-01   3.247180E-01 
    16         0.00000000E+00  1.000000E+00  1.000000E+00  7.548777E-01   3.079596E+00 
    17         1.00000000E+00  0.000000E+00  1.000000E+00  2.451223E-01   3.247180E-01 
    18         0.00000000E+00  1.000000E+00  1.000000E+00  7.548777E-01   3.079596E+00 
    19         1.00000000E+00  0.000000E+00  1.000000E+00  2.451223E-01   3.247180E-01 
    20         0.00000000E+00  1.000000E+00  1.000000E+00  7.548777E-01   3.079596E+00 
    21         1.00000000E+00  0.000000E+00  1.000000E+00  2.451223E-01   3.247180E-01 
    22         0.00000000E+00  1.000000E+00  1.000000E+00  7.548777E-01   3.079596E+00 
    23         1.00000000E+00  0.000000E+00  1.000000E+00  2.451223E-01   3.247180E-01 
    24         0.00000000E+00  1.000000E+00  1.000000E+00  7.548777E-01   3.079596E+00 
    25         1.00000000E+00  0.000000E+00  1.000000E+00  2.451223E-01   3.247180E-01 
    26         0.00000000E+00  1.000000E+00  1.000000E+00  7.548777E-01   3.079596E+00 
    27         1.00000000E+00  0.000000E+00  1.000000E+00  2.451223E-01   3.247180E-01 
    28         0.00000000E+00  1.000000E+00  1.000000E+00  7.548777E-01   3.079596E+00 
    29         1.00000000E+00  0.000000E+00  1.000000E+00  2.451223E-01   3.247180E-01 
    30         0.00000000E+00  1.000000E+00  1.000000E+00  7.548777E-01   3.079596E+00 
    31         1.00000000E+00  0.000000E+00  1.000000E+00  2.451223E-01   3.247180E-01 
    32         0.00000000E+00  1.000000E+00  1.000000E+00  7.548777E-01   3.079596E+00 
    33         1.00000000E+00  0.000000E+00  1.000000E+00  2.451223E-01   3.247180E-01 
    34         0.00000000E+00  1.000000E+00  1.000000E+00  7.548777E-01   3.079596E+00 
    35         1.00000000E+00  0.000000E+00  1.000000E+00  2.451223E-01   3.247180E-01 
    36         0.00000000E+00  1.000000E+00  1.000000E+00  7.548777E-01   3.079596E+00 
    37         1.00000000E+00  0.000000E+00  1.000000E+00  2.451223E-01   3.247180E-01 
    38         0.00000000E+00  1.000000E+00  1.000000E+00  7.548777E-01   3.079596E+00 
    39         1.00000000E+00  0.000000E+00  1.000000E+00  2.451223E-01   3.247180E-01 
    40         0.00000000E+00  1.000000E+00  1.000000E+00  7.548777E-01   3.079596E+00 
    41         1.00000000E+00  0.000000E+00  1.000000E+00  2.451223E-01   3.247180E-01 
    42         0.00000000E+00  1.000000E+00  1.000000E+00  7.548777E-01   3.079596E+00 
    43         1.00000000E+00  0.000000E+00  1.000000E+00  2.451223E-01   3.247180E-01 
    44         0.00000000E+00  1.000000E+00  1.000000E+00  7.548777E-01   3.079596E+00 
    45         1.00000000E+00  0.000000E+00  1.000000E+00  2.451223E-01   3.247180E-01 
    46         0.00000000E+00  1.000000E+00  1.000000E+00  7.548777E-01   3.079596E+00 
    47         1.00000000E+00  0.000000E+00  1.000000E+00  2.451223E-01   3.247180E-01 
    48         0.00000000E+00  1.000000E+00  1.000000E+00  7.548777E-01   3.079596E+00 
    49         1.00000000E+00  0.000000E+00  1.000000E+00  2.451223E-01   3.247180E-01 
    50         0.00000000E+00  1.000000E+00  1.000000E+00  7.548777E-01   3.079596E+00 
    51         1.00000000E+00  0.000000E+00  1.000000E+00  2.451223E-01   3.247180E-01 
Method failed to converge
 g = @(x) (sin(x)- 5)/6 ; 
fpi_class(g,0,1e-5,50);

iter               x               g(x)       succ error   absolute error   error ratio 
-------------------------------  ------------- -----------  -------------- -------------
     0         0.00000000E+00 -8.333333333E-01   8.3333E-01     9.708989E-0112      1        -8.33333333E-01 -9.566961E-01  8.333333E-01  1.375656E-01   1.416889E-01 
     2        -9.56696142E-01 -9.695487E-01  1.233628E-01  1.420278E-02   1.032437E-01 
     3        -9.69548712E-01 -9.707718E-01  1.285257E-02  1.350211E-03   9.506669E-02 
     4        -9.70771753E-01 -9.708870E-01  1.223041E-03  1.271708E-04   9.418581E-02 
     5        -9.70886957E-01 -9.708978E-01  1.152038E-04  1.196699E-05   9.410171E-02 
     6        -9.70897797E-01 -9.708988E-01  1.084097E-05  1.126019E-06   9.409379E-02 
     7        -9.70898818E-01 -9.708989E-01  1.020068E-06  1.059506E-07   9.409304E-02 
fpi_class(g,1,1e-5,50)

iter               x               g(x)       succ error   absolute error   error ratio 
-------------------------------  ------------- -----------  -------------- -------------
     0         1.00000000E+00 -6.930881692E-01   1.6931E+00     1.970899E+0012      1        -6.93088169E-01 -9.398193E-01  1.693088E+00  2.778108E-01   1.409564E-01 
     2        -9.39819314E-01 -9.679086E-01  2.467311E-01  3.107961E-02   1.118733E-01 
     3        -9.67908587E-01 -9.706169E-01  2.808927E-02  2.990337E-03   9.621539E-02 
     4        -9.70616939E-01 -9.708724E-01  2.708352E-03  2.819843E-04   9.429851E-02 
     5        -9.70872385E-01 -9.708964E-01  2.554461E-04  2.653821E-05   9.411236E-02 
     6        -9.70896426E-01 -9.708987E-01  2.404110E-05  2.497107E-06   9.409479E-02 
     7        -9.70898689E-01 -9.708989E-01  2.262146E-06  2.349606E-07   9.409314E-02 
 g = @(x) (3- log(x))^1/2;
fpi_class(g,1,1e-5,50)

iter               x               g(x)       succ error   absolute error   error ratio 
-------------------------------  ------------- -----------  -------------- -------------
     0         1.00000000E+00 1.500000000E+00   5.0000E-01     3.499618E-0112      1         1.50000000E+00  1.297267E+00  5.000000E-01  1.500382E-01   4.287272E-01 
     2         1.29726745E+00  1.369870E+00  2.027326E-01  5.269439E-02   3.512066E-01 
     3         1.36986996E+00  1.342642E+00  7.260251E-02  1.990812E-02   3.778034E-01 
     4         1.34264209E+00  1.352680E+00  2.722786E-02  7.319744E-03   3.676764E-01 
     5         1.35268031E+00  1.348956E+00  1.003821E-02  2.718470E-03   3.713886E-01 
     6         1.34895598E+00  1.350335E+00  3.724327E-03  1.005857E-03   3.700084E-01 
     7         1.35033453E+00  1.349824E+00  1.378546E-03  3.726889E-04   3.705189E-01 
     8         1.34982382E+00  1.350013E+00  5.107067E-04  1.380178E-04   3.703297E-01 
     9         1.35001296E+00  1.349943E+00  1.891395E-04  5.112176E-05   3.703998E-01 
    10         1.34994290E+00  1.349969E+00  7.005592E-05  1.893416E-05   3.703738E-01 
    11         1.34996885E+00  1.349959E+00  2.594706E-05  7.012899E-06   3.703834E-01 
    12         1.34995924E+00  1.349963E+00  9.610336E-06  2.597437E-06   3.703799E-01 
diary off
